0
6909948
24538024
35976831
58845707
64085497
79486576
130149305
134356924
147362923
154113661
176238749
205935868
211086402
258106287
283271214
283273138
286747584
294016371
305811426
311509315
312583368
315278991
336114143
338977881
339014104
342788991
346988897
352741933
354822266
366227317
371260291
375098887
376866145
376868069
377849473
389752853
389754777
410760103
431908243
443562458
452409826
481655548
498151007
499575343
511716631
517698008
530486913
541218831
588099965
593426370
604962448
605322989
605324913
614871752
617945491
618989713
637380787
660867066
663408619
669248720
689892985
691270568
693134987
696648539
696951784
705096438
705098362
717739706
722949684
746488595
751977488
763899424
812086868
819556748
835852926
841823673
844242777
847323083
857189147
857467362
859389270
859391194
862621371
870355947
883383699
898076459
915310175
935143022
942783868
947407028
